0 0.606317 0.594993 0.00368055 0.0834986 0.465158
0 0.606128 0.592567 0.00501194 0.0855735 0.00645294
0 0.606549 0.585282 0.0086099 0.0676639 0.0038347
0 0.389234 0.5 0.778467 1 0.00334757
0 0.699535 0.5 0.60093 1 0.00280011
0 0.514792 0.5 0.879994 1 0.00225789
0 0.40384 0.57654 0.80768 0.84692 0.00213724
0 0.403719 0.493609 0.807438 0.987218 0.00161948
0 0.992066 0.538172 0.0158676 0.183751 0.00161791
0 0.605335 0.596294 0.0115908 0.0879404 0.00161588
0 0.342811 0.582716 0.00963526 0.0553366 0.00137907
0 0.625573 0.5 0.748854 1 0.00132462
0 0.286137 0.5 0.572275 1 0.00104061
