0 0.18453 0.593909 0.00617549 0.0762782 0.516982
0 0.657084 0.595751 0.00569356 0.11238 0.496025
0 0.583365 0.5692 0.00430698 0.0554658 0.438885
0 0.184444 0.59372 0.00880297 0.0786724 0.371576
0 0.656801 0.595076 0.00868696 0.111171 0.368432
0 0.953682 0.639774 0.0175321 0.219355 0.289998
0 0.953914 0.63961 0.0114176 0.220031 0.282329
0 0.954074 0.640083 0.0261989 0.22333 0.244019
0 0.583095 0.56831 0.00624453 0.0578683 0.0583429
0 0.955107 0.639711 0.0397829 0.222411 0.0344949
0 0.955495 0.638987 0.0594837 0.222152 0.0188922
0 0.657055 0.595773 0.0169437 0.114023 0.0139135
0 0.730931 0.197647 0.0073555 0.0753431 0.0136928
0 0.456011 0.5 0.879407 1 0.00212459
0 0.953046 0.635404 0.00771287 0.212146 0.00123653
0 0.183467 0.592878 0.0258898 0.0782105 0.00113775
