0 0.716711 0.626265 0.00760403 0.183156 0.366783
0 0.0294211 0.653033 0.0117998 0.17109 0.327074
0 0.716444 0.626108 0.0115653 0.184053 0.262357
0 0.715751 0.626097 0.018582 0.184882 0.191854
0 0.0295821 0.652918 0.0182251 0.169497 0.169774
0 0.0295652 0.65274 0.0270057 0.169643 0.0931322
0 0.716616 0.628655 0.00541598 0.175628 0.0924577
0 0.716481 0.625736 0.0277304 0.18413 0.00439339
0 0.0270532 0.652904 0.0517404 0.17057 0.0034242
0 0.300486 0.5 0.600973 1 0.00143836
0 0.0290611 0.656226 0.00803313 0.165627 0.00124164
