0 0.392126 0.586116 0.00709028 0.0670373 0.640262
0 0.392521 0.586093 0.00961103 0.0707312 0.0574361
0 0.392074 0.586111 0.0141658 0.0678546 0.0291768
0 0.625603 0.5 0.748794 1 0.00497148
0 0.389031 0.470379 0.778062 0.940758 0.00346049
0 0.485381 0.5 0.880164 1 0.00320293
0 0.669894 0.42375 0.660211 0.847501 0.00239949
0 0.996639 0.948079 0.00639254 0.103842 0.00197131
0 0.996294 0.93823 0.0074117 0.122767 0.00158798
0 0.996709 0.958567 0.00658194 0.0828668 0.00156145
0 0.432967 0.601005 0.865934 0.79799 0.00128017
0 0.277203 0.995478 0.024285 0.00904311 0.00120511
0 0.282771 0.995544 0.0224349 0.00891144 0.00114465
