0 0.569966 0.577779 0.00404841 0.0518453 0.324113
0 0.779651 0.670982 0.023151 0.275662 0.32089
0 0.780235 0.668712 0.0160965 0.273092 0.230321
0 0.77993 0.669487 0.0374247 0.275639 0.133252
0 0.780837 0.669037 0.0572476 0.273922 0.0309749
0 0.514772 0.576575 0.879691 0.846851 0.00381293
0 0.569083 0.576591 0.0076376 0.049568 0.00270019
0 0.779341 0.664058 0.0111748 0.259636 0.00242891
0 0.40394 0.5 0.80788 1 0.00220026
0 0.581533 0.5 0.836933 1 0.00196792
0 0.781917 0.767472 0.00556889 0.0733392 0.00154764
0 0.669874 0.493615 0.660252 0.98723 0.00107154
