0 0.144539 0.645417 0.00862449 0.171515 0.3762
0 0.14392 0.645319 0.0136673 0.172082 0.272569
0 0.143953 0.645059 0.0212853 0.172828 0.0872758
0 0.144986 0.646696 0.0058856 0.166502 0.013207
0 0.355222 0.578037 0.00377083 0.0429592 0.0117349
0 0.14536 0.644771 0.0307455 0.176183 0.00498413
0 0.596351 0.5 0.807298 1 0.00216288
0 0.455943 0.600471 0.879143 0.799057 0.00195355
0 0.144931 0.695005 0.00491064 0.0702368 0.00129139
0 0.994718 0.793637 0.0105648 0.265509 0.00115545
0 0.455967 0.5 0.879652 1 0.00104508
