0 0.0655596 0.613996 0.00768266 0.094875 0.451171
0 0.664524 0.620073 0.00906588 0.158021 0.44716
0 0.0652212 0.613902 0.0121623 0.0946312 0.325449
0 0.664347 0.620838 0.0164041 0.159865 0.241064
0 0.0656038 0.613345 0.0194686 0.0931981 0.167943
0 0.664926 0.621541 0.00576121 0.159033 0.0412745
0 0.663591 0.621094 0.0234308 0.160218 0.0181166
0 0.0663557 0.613615 0.0286075 0.0950617 0.00355216
0 0.389312 0.5 0.778623 1 0.00324671
0 0.514761 0.5 0.879578 1 0.00188231
0 0.418483 0.576528 0.836967 0.846944 0.00185095
0 0.665165 0.652339 0.00475222 0.0957693 0.00104516
