0 0.592523 0.574667 0.00595226 0.070284 0.537427
0 0.733538 0.621308 0.00891418 0.181626 0.432269
0 0.0266052 0.620005 0.0177402 0.110082 0.338307
0 0.0263165 0.620148 0.0117504 0.109467 0.295392
0 0.732943 0.62157 0.0137024 0.177417 0.275458
0 0.0265208 0.619609 0.0254727 0.110381 0.0980575
0 0.732679 0.621358 0.0227394 0.182605 0.0781939
0 0.0257696 0.620056 0.0471875 0.11048 0.0272991
0 0.733702 0.625825 0.00654055 0.1706 0.0202962
0 0.0265644 0.61797 0.00776092 0.1148 0.0141531
0 0.733547 0.622868 0.0339443 0.180792 0.00856649
0 0.0211027 0.618279 0.0235816 0.11323 0.00471948
0 0.018654 0.619659 0.0345295 0.111932 0.00280353
0 0.592619 0.574612 0.015108 0.0700892 0.00260472
0 0.418666 0.5 0.837333 1 0.00148833
0 0.00281581 0.94372 0.0053672 0.109731 0.00131763
